{
  "generated_by": {
    "program": "augur",
    "version": "7.0.2"
  },
  "models": {
    "country_exposure": {
      "alphabet": [
        "Australia",
        "China",
        "France",
        "Germany",
        "Greece",
        "Guam",
        "India",
        "Iran",
        "Jamaica",
        "Japan",
        "Malaysia",
        "Netherlands",
        "Spain",
        "Sri Lanka",
        "Taiwan",
        "Thailand",
        "USA",
        "Uruguay",
        "Vietnam",
        "?"
      ],
      "equilibrium_probabilities": [
        0.02364842950294836,
        0.031677382390292684,
        0.03473360704214464,
        0.05647047032605383,
        0.0318143668753865,
        0.06433311318312977,
        0.026989635256483548,
        0.05984617836886958,
        0.05938558720827802,
        0.062147552385824825,
        0.06433311318312977,
        0.05639761194166709,
        0.06242096306713557,
        0.063717078456831,
        0.06371707845683082,
        0.04926684045942382,
        0.06875124979368807,
        0.06173920186812761,
        0.05861054023375453
      ],
      "rate": 352.45802626768216,
      "transition_matrix": [
        [
          0.0,
          0.9265336330690014,
          1.4597005833179562,
          0.9185232993459552,
          1.11508436390321,
          0.9165787154383426,
          1.7326477182667304,
          0.9196926975916174,
          1.1743013069212258,
          0.9179601788855574,
          0.9165787154383426,
          0.9166479903006296,
          0.9165180800891599,
          0.9189732522302277,
          0.9189732522302277,
          0.9175377258099761,
          9.64307099696055,
          0.9165084033740694,
          0.9193944978289009
        ],
        [
          0.9265336330690014,
          0.0,
          1.1669377833814119,
          0.9947799538780162,
          0.9191461934364202,
          0.9177554991980061,
          1.059198274701416,
          0.9652027321416953,
          0.9177230714199079,
          0.9176566866045657,
          0.9177554991980061,
          1.3761485936964615,
          1.2363005000666578,
          0.9395625681392085,
          0.9395625681392075,
          1.6886106329986288,
          3.440043097540899,
          1.2333110562632361,
          1.1820864998692544
        ],
        [
          1.4597005833179562,
          1.1669377833814119,
          0.0,
          1.0125514586787778,
          0.9185071360140856,
          0.9235496751680663,
          1.3796930096791,
          0.9194519827020685,
          0.917586572012291,
          0.9172261339850758,
          0.9235496751680663,
          0.9170617258100485,
          0.9168612331126679,
          0.9187966432031942,
          0.9187966432031944,
          0.9175383159592002,
          4.072476269258158,
          0.9168874998754626,
          0.9182284053601201
        ],
        [
          0.9185232993459552,
          0.9947799538780162,
          1.0125514586787778,
          0.0,
          0.9173441537207425,
          0.9168565782970445,
          0.9181210230637291,
          0.9184161422662771,
          0.9171079840021478,
          0.917093461602474,
          0.9168565782970445,
          0.9170835156817708,
          0.9168650741323937,
          0.918213662760262,
          0.9182136627602622,
          0.9173249215688275,
          1.2751601784970006,
          0.9169581929134804,
          0.9175602039588739
        ],
        [
          1.11508436390321,
          0.9191461934364202,
          0.9185071360140856,
          0.9173441537207425,
          0.0,
          0.9164739220020256,
          0.9555178343791801,
          0.9183394233625797,
          0.9170719561873385,
          1.2817373454090286,
          0.9164739220020256,
          0.9165516308150993,
          0.9164391977908285,
          0.918039572224348,
          0.918039572224348,
          0.9168642877672496,
          4.128269084656196,
          0.9164718992203869,
          0.9174084273108097
        ],
        [
          0.9165787154383426,
          0.9177554991980061,
          0.9235496751680663,
          0.9168565782970445,
          0.9164739220020256,
          0.0,
          1.3600759280858044,
          0.9180745356526434,
          0.9166255845731148,
          0.9166246655145298,
          0.9209273470565369,
          0.9164360207794237,
          0.9163248238109231,
          0.9178624838259232,
          0.9178624838259234,
          0.9164288376537383,
          0.9221911755486099,
          0.9164483492256098,
          0.9168564826711167
        ],
        [
          1.7326477182667304,
          1.059198274701416,
          1.3796930096791,
          0.9181210230637291,
          0.9555178343791801,
          1.3600759280858044,
          0.0,
          0.9935922448952856,
          0.9172502852001149,
          0.9168375711423968,
          1.3600759280858041,
          0.9167142053376216,
          0.9162359268682284,
          0.9516627779238006,
          0.9516627779238002,
          0.9172709226240586,
          5.730038929264329,
          0.9162517144757755,
          0.9176511882410794
        ],
        [
          0.9196926975916174,
          0.9652027321416953,
          0.9194519827020685,
          0.9184161422662771,
          0.9183394233625797,
          0.9180745356526434,
          0.9935922448952856,
          0.0,
          0.9180871262367616,
          0.9180885680879971,
          0.9180745356526434,
          0.9180403208381921,
          0.9178512757918007,
          1.0947038533358806,
          1.094703853335881,
          0.9182507602514538,
          1.130511486490707,
          0.91794322078774,
          0.918461811865135
        ],
        [
          1.1743013069212258,
          0.9177230714199079,
          0.917586572012291,
          0.9171079840021478,
          0.9170719561873385,
          0.9166255845731148,
          0.9172502852001149,
          0.9180871262367616,
          0.0,
          0.9168461895754485,
          0.9166255845731148,
          0.9166554788191067,
          0.9165306312700899,
          0.9179220289558992,
          0.9179220289558995,
          0.9167281448393031,
          1.1386536222207955,
          0.9166397416452932,
          0.9171223080853246
        ],
        [
          0.9179601788855574,
          0.9176566866045657,
          0.9172261339850758,
          0.917093461602474,
          1.2817373454090286,
          0.9166246655145298,
          0.9168375711423968,
          0.9180885680879971,
          0.9168461895754485,
          0.0,
          0.9166246655145298,
          0.9166500898158142,
          0.9165205886480703,
          0.9179216991973098,
          0.9179216991973098,
          0.9167141482082108,
          1.039523625332485,
          0.9166367876178835,
          0.917104732942843
        ],
        [
          0.9165787154383426,
          0.9177554991980061,
          0.9235496751680663,
          0.9168565782970445,
          0.9164739220020256,
          0.9209273470565369,
          1.3600759280858041,
          0.9180745356526434,
          0.9166255845731148,
          0.9166246655145298,
          0.0,
          0.9164360207794237,
          0.9163248238109231,
          0.9178624838259234,
          0.9178624838259232,
          0.9164288376537383,
          0.9221911755486101,
          0.9164483492256098,
          0.9168564826711167
        ],
        [
          0.9166479903006296,
          1.3761485936964615,
          0.9170617258100485,
          0.9170835156817708,
          0.9165516308150993,
          0.9164360207794237,
          0.9167142053376216,
          0.9180403208381921,
          0.9166554788191067,
          0.9166500898158142,
          0.9164360207794237,
          0.0,
          0.9163372622550728,
          0.9178471678518296,
          0.9178471678518296,
          0.9164284167269787,
          1.3701244138487534,
          0.9164253201124434,
          0.9171896212892025
        ],
        [
          0.9165180800891599,
          1.2363005000666578,
          0.9168612331126679,
          0.9168650741323937,
          0.9164391977908285,
          0.9163248238109231,
          0.9162359268682284,
          0.9178512757918007,
          0.9165306312700899,
          0.9165205886480703,
          0.9163248238109231,
          0.9163372622550728,
          0.0,
          0.9176655941195594,
          0.9176655941195594,
          0.9172010986191407,
          1.0553001749026303,
          0.9165756873422806,
          0.9169120254696255
        ],
        [
          0.9189732522302277,
          0.9395625681392085,
          0.9187966432031942,
          0.918213662760262,
          0.918039572224348,
          0.9178624838259232,
          0.9516627779238006,
          1.0947038533358806,
          0.9179220289558992,
          0.9179216991973098,
          0.9178624838259234,
          0.9178471678518296,
          0.9176655941195594,
          0.0,
          1.286603363075514,
          0.9179847234083615,
          1.0060667242343777,
          0.9177713450355618,
          0.9182382742487467
        ],
        [
          0.9189732522302277,
          0.9395625681392075,
          0.9187966432031944,
          0.9182136627602622,
          0.918039572224348,
          0.9178624838259234,
          0.9516627779238002,
          1.094703853335881,
          0.9179220289558995,
          0.9179216991973098,
          0.9178624838259232,
          0.9178471678518296,
          0.9176655941195594,
          1.286603363075514,
          0.0,
          0.9179847234083615,
          1.0060667242343762,
          0.917771345035562,
          0.9182382742487467
        ],
        [
          0.9175377258099761,
          1.6886106329986288,
          0.9175383159592002,
          0.9173249215688275,
          0.9168642877672496,
          0.9164288376537383,
          0.9172709226240586,
          0.9182507602514538,
          0.9167281448393031,
          0.9167141482082108,
          0.9164288376537383,
          0.9164284167269787,
          0.9172010986191407,
          0.9179847234083615,
          0.9179847234083615,
          0.0,
          1.9877742638633917,
          0.9172619034228969,
          0.9175539589489753
        ],
        [
          9.64307099696055,
          3.440043097540899,
          4.072476269258158,
          1.2751601784970006,
          4.128269084656196,
          0.9221911755486099,
          5.730038929264329,
          1.130511486490707,
          1.1386536222207955,
          1.039523625332485,
          0.9221911755486101,
          1.3701244138487534,
          1.0553001749026303,
          1.0060667242343777,
          1.0060667242343762,
          1.9877742638633917,
          0.0,
          1.0543972933988432,
          1.1711870473402448
        ],
        [
          0.9165084033740694,
          1.2333110562632361,
          0.9168874998754626,
          0.9169581929134804,
          0.9164718992203869,
          0.9164483492256098,
          0.9162517144757755,
          0.91794322078774,
          0.9166397416452932,
          0.9166367876178835,
          0.9164483492256098,
          0.9164253201124434,
          0.9165756873422806,
          0.9177713450355618,
          0.917771345035562,
          0.9172619034228969,
          1.0543972933988432,
          0.0,
          0.9170062089909703
        ],
        [
          0.9193944978289009,
          1.1820864998692544,
          0.9182284053601201,
          0.9175602039588739,
          0.9174084273108097,
          0.9168564826711167,
          0.9176511882410794,
          0.918461811865135,
          0.9171223080853246,
          0.917104732942843,
          0.9168564826711167,
          0.9171896212892025,
          0.9169120254696255,
          0.9182382742487467,
          0.9182382742487467,
          0.9175539589489753,
          1.1711870473402448,
          0.9170062089909703,
          0.0
        ]
      ]
    },
    "region_exposure": {
      "alphabet": [
        "Asia",
        "Europe",
        "North America",
        "Oceania",
        "South America",
        "?"
      ],
      "equilibrium_probabilities": [
        0.12517680357388578,
        0.18496078206299324,
        0.2994318747887471,
        0.18407073145928907,
        0.20635980811508486
      ],
      "rate": 419.9123298751167,
      "transition_matrix": [
        [
          0.0,
          0.9244201809705979,
          2.9494798236179,
          0.6141665157155748,
          0.3837505691743244
        ],
        [
          0.9244201809705979,
          0.0,
          2.436476154679209,
          0.44774492580096303,
          0.25930497169445293
        ],
        [
          2.9494798236179,
          2.436476154679209,
          0.0,
          2.8682413084915437,
          0.2580713438019591
        ],
        [
          0.6141665157155748,
          0.44774492580096303,
          2.8682413084915437,
          0.0,
          0.2597275770480626
        ],
        [
          0.3837505691743244,
          0.25930497169445293,
          0.2580713438019591,
          0.2597275770480626,
          0.0
        ]
      ]
    }
  },
  "nodes": {
    "Australia/VIC05/2020": {
      "country_exposure": "Australia",
      "country_exposure_confidence": {
        "Australia": 1.0
      },
      "country_exposure_entropy": -1.000088900581841e-12,
      "region_exposure": "Oceania",
      "region_exposure_confidence": {
        "Oceania": 1.0
      },
      "region_exposure_entropy": -1.000088900581841e-12
    },
    "Australia/VIC1008/2020": {
      "country_exposure": "Australia",
      "country_exposure_confidence": {
        "Australia": 1.0
      },
      "country_exposure_entropy": -1.000088900581841e-12,
      "region_exposure": "Oceania",
      "region_exposure_confidence": {
        "Oceania": 1.0
      },
      "region_exposure_entropy": -1.000088900581841e-12
    },
    "Australia/VIC1018/2020": {
      "country_exposure": "Australia",
      "country_exposure_confidence": {
        "Australia": 1.0
      },
      "country_exposure_entropy": -1.000088900581841e-12,
      "region_exposure": "Oceania",
      "region_exposure_confidence": {
        "Oceania": 1.0
      },
      "region_exposure_entropy": -1.000088900581841e-12
    },
    "Australia/VIC1045/2020": {
      "country_exposure": "Australia",
      "country_exposure_confidence": {
        "Australia": 1.0
      },
      "country_exposure_entropy": -1.000088900581841e-12,
      "region_exposure": "Oceania",
      "region_exposure_confidence": {
        "Oceania": 1.0
      },
      "region_exposure_entropy": -1.000088900581841e-12
    },
    "Australia/VIC1120/2020": {
      "country_exposure": "Australia",
      "country_exposure_confidence": {
        "Australia": 1.0
      },
      "country_exposure_entropy": -1.000088900581841e-12,
      "region_exposure": "Oceania",
      "region_exposure_confidence": {
        "Oceania": 1.0
      },
      "region_exposure_entropy": -1.000088900581841e-12
    },
    "Australia/VIC1135/2020": {
      "country_exposure": "Australia",
      "country_exposure_confidence": {
        "Australia": 1.0
      },
      "country_exposure_entropy": -1.000088900581841e-12,
      "region_exposure": "Oceania",
      "region_exposure_confidence": {
        "Oceania": 1.0
      },
      "region_exposure_entropy": -1.000088900581841e-12
    },
    "Australia/VIC1139/2020": {
      "country_exposure": "Australia",
      "country_exposure_confidence": {
        "Australia": 1.0
      },
      "country_exposure_entropy": -1.000088900581841e-12,
      "region_exposure": "Oceania",
      "region_exposure_confidence": {
        "Oceania": 0.9999999999999999
      },
      "region_exposure_entropy": -9.99866855976916e-13
    },
    "Australia/VIC1175/2020": {
      "country_exposure": "Australia",
      "country_exposure_confidence": {
        "Australia": 1.0
      },
      "country_exposure_entropy": -1.000088900581841e-12,
      "region_exposure": "Oceania",
      "region_exposure_confidence": {
        "Oceania": 1.0
      },
      "region_exposure_entropy": -1.000088900581841e-12
    },
    "Australia/VIC1186/2020": {
      "country_exposure": "Australia",
      "country_exposure_confidence": {
        "Australia": 1.0
      },
      "country_exposure_entropy": -1.000088900581841e-12,
      "region_exposure": "Oceania",
      "region_exposure_confidence": {
        "Oceania": 1.0
      },
      "region_exposure_entropy": -1.000088900581841e-12
    },
    "Australia/VIC1208/2020": {
      "country_exposure": "Australia",
      "country_exposure_confidence": {
        "Australia": 1.0
      },
      "country_exposure_entropy": -1.000088900581841e-12,
      "region_exposure": "Oceania",
      "region_exposure_confidence": {
        "Oceania": 0.9999999999999999
      },
      "region_exposure_entropy": -9.99866855976916e-13
    },
    "Australia/VIC14/2020": {
      "country_exposure": "Australia",
      "country_exposure_confidence": {
        "Australia": 1.0
      },
      "country_exposure_entropy": -1.000088900581841e-12,
      "region_exposure": "Oceania",
      "region_exposure_confidence": {
        "Oceania": 1.0
      },
      "region_exposure_entropy": -1.000088900581841e-12
    },
    "Australia/VIC254/2020": {
      "country_exposure": "Australia",
      "country_exposure_confidence": {
        "Australia": 1.0
      },
      "country_exposure_entropy": -1.000088900581841e-12,
      "region_exposure": "Oceania",
      "region_exposure_confidence": {
        "Oceania": 1.0
      },
      "region_exposure_entropy": -1.000088900581841e-12
    },
    "Australia/VIC329/2020": {
      "country_exposure": "Australia",
      "country_exposure_confidence": {
        "Australia": 1.0
      },
      "country_exposure_entropy": -1.000088900581841e-12,
      "region_exposure": "Oceania",
      "region_exposure_confidence": {
        "Oceania": 0.9999999999999999
      },
      "region_exposure_entropy": -9.99866855976916e-13
    },
    "Australia/VIC423/2020": {
      "country_exposure": "Australia",
      "country_exposure_confidence": {
        "Australia": 1.0
      },
      "country_exposure_entropy": -1.000088900581841e-12,
      "region_exposure": "Oceania",
      "region_exposure_confidence": {
        "Oceania": 1.0
      },
      "region_exposure_entropy": -1.000088900581841e-12
    },
    "Australia/VIC544/2020": {
      "country_exposure": "Australia",
      "country_exposure_confidence": {
        "Australia": 1.0
      },
      "country_exposure_entropy": -1.000088900581841e-12,
      "region_exposure": "Oceania",
      "region_exposure_confidence": {
        "Oceania": 1.0
      },
      "region_exposure_entropy": -1.000088900581841e-12
    },
    "Australia/VIC616/2020": {
      "country_exposure": "Australia",
      "country_exposure_confidence": {
        "Australia": 0.9999999999999999
      },
      "country_exposure_entropy": -9.99866855976916e-13,
      "region_exposure": "Oceania",
      "region_exposure_confidence": {
        "Oceania": 1.0
      },
      "region_exposure_entropy": -1.000088900581841e-12
    },
    "Australia/VIC713/2020": {
      "country_exposure": "Australia",
      "country_exposure_confidence": {
        "Australia": 1.0
      },
      "country_exposure_entropy": -1.000088900581841e-12,
      "region_exposure": "Oceania",
      "region_exposure_confidence": {
        "Oceania": 1.0
      },
      "region_exposure_entropy": -1.000088900581841e-12
    },
    "Australia/VIC82/2020": {
      "country_exposure": "Australia",
      "country_exposure_confidence": {
        "Australia": 1.0
      },
      "country_exposure_entropy": -1.000088900581841e-12,
      "region_exposure": "Oceania",
      "region_exposure_confidence": {
        "Oceania": 1.0
      },
      "region_exposure_entropy": -1.000088900581841e-12
    },
    "Australia/VIC824/2020": {
      "country_exposure": "Australia",
      "country_exposure_confidence": {
        "Australia": 0.9999999999999999
      },
      "country_exposure_entropy": -9.99866855976916e-13,
      "region_exposure": "Oceania",
      "region_exposure_confidence": {
        "Oceania": 1.0
      },
      "region_exposure_entropy": -1.000088900581841e-12
    },
    "Australia/VIC851/2020": {
      "country_exposure": "Australia",
      "country_exposure_confidence": {
        "Australia": 1.0
      },
      "country_exposure_entropy": -1.000088900581841e-12,
      "region_exposure": "Oceania",
      "region_exposure_confidence": {
        "Oceania": 1.0
      },
      "region_exposure_entropy": -1.000088900581841e-12
    },
    "Australia/VIC985/2020": {
      "country_exposure": "Australia",
      "country_exposure_confidence": {
        "Australia": 1.0
      },
      "country_exposure_entropy": -1.000088900581841e-12,
      "region_exposure": "Oceania",
      "region_exposure_confidence": {
        "Oceania": 0.9999999999999999
      },
      "region_exposure_entropy": -9.99866855976916e-13
    },
    "China/Beijing_IME-BJ05/2020": {
      "country_exposure": "China",
      "country_exposure_confidence": {
        "China": 1.0
      },
      "country_exposure_entropy": -1.000088900581841e-12,
      "region_exposure": "Asia",
      "region_exposure_confidence": {
        "Asia": 1.0
      },
      "region_exposure_entropy": -1.000088900581841e-12
    },
    "China/WHUHnCoV020/2020": {
      "country_exposure": "China",
      "country_exposure_confidence": {
        "China": 1.0
      },
      "country_exposure_entropy": -1.000088900581841e-12,
      "region_exposure": "Asia",
      "region_exposure_confidence": {
        "Asia": 1.0
      },
      "region_exposure_entropy": -1.000088900581841e-12
    },
    "China/Wuhan_YB012611/2020": {
      "country_exposure": "China",
      "country_exposure_confidence": {
        "China": 1.0
      },
      "country_exposure_entropy": -1.000088900581841e-12,
      "region_exposure": "Asia",
      "region_exposure_confidence": {
        "Asia": 1.0
      },
      "region_exposure_entropy": -1.000088900581841e-12
    },
    "ENV/USA/UF-11/2020": {
      "country_exposure": "USA",
      "country_exposure_confidence": {
        "USA": 1.0
      },
      "country_exposure_entropy": -1.000088900581841e-12,
      "region_exposure": "North America",
      "region_exposure_confidence": {
        "North America": 1.0
      },
      "region_exposure_entropy": -1.000088900581841e-12
    },
    "France/10006HC/2020": {
      "country_exposure": "France",
      "country_exposure_confidence": {
        "France": 0.9999999999999999
      },
      "country_exposure_entropy": -9.99866855976916e-13,
      "region_exposure": "Europe",
      "region_exposure_confidence": {
        "Europe": 1.0
      },
      "region_exposure_entropy": -1.000088900581841e-12
    },
    "France/10015BY/2020": {
      "country_exposure": "France",
      "country_exposure_confidence": {
        "France": 0.9999999999999999
      },
      "country_exposure_entropy": -9.99866855976916e-13,
      "region_exposure": "Europe",
      "region_exposure_confidence": {
        "Europe": 1.0
      },
      "region_exposure_entropy": -1.000088900581841e-12
    },
    "France/10023FD/2020": {
      "country_exposure": "France",
      "country_exposure_confidence": {
        "France": 1.0
      },
      "country_exposure_entropy": -1.000088900581841e-12,
      "region_exposure": "Europe",
      "region_exposure_confidence": {
        "Europe": 1.0
      },
      "region_exposure_entropy": -1.000088900581841e-12
    },
    "France/10041MR/2020": {
      "country_exposure": "France",
      "country_exposure_confidence": {
        "France": 1.0
      },
      "country_exposure_entropy": -1.000088900581841e-12,
      "region_exposure": "Europe",
      "region_exposure_confidence": {
        "Europe": 1.0
      },
      "region_exposure_entropy": -1.000088900581841e-12
    },
    "France/10045DZ/2020": {
      "country_exposure": "France",
      "country_exposure_confidence": {
        "France": 1.0
      },
      "country_exposure_entropy": -1.000088900581841e-12,
      "region_exposure": "Europe",
      "region_exposure_confidence": {
        "Europe": 1.0
      },
      "region_exposure_entropy": -1.000088900581841e-12
    },
    "France/10060KV/2020": {
      "country_exposure": "France",
      "country_exposure_confidence": {
        "France": 1.0
      },
      "country_exposure_entropy": -1.000088900581841e-12,
      "region_exposure": "Europe",
      "region_exposure_confidence": {
        "Europe": 1.0
      },
      "region_exposure_entropy": -1.000088900581841e-12
    },
    "France/10068ND/2020": {
      "country_exposure": "France",
      "country_exposure_confidence": {
        "France": 1.0
      },
      "country_exposure_entropy": -1.000088900581841e-12,
      "region_exposure": "Europe",
      "region_exposure_confidence": {
        "Europe": 1.0
      },
      "region_exposure_entropy": -1.000088900581841e-12
    },
    "France/10078MA/2020": {
      "country_exposure": "France",
      "country_exposure_confidence": {
        "France": 0.9999999999999999
      },
      "country_exposure_entropy": -9.99866855976916e-13,
      "region_exposure": "Europe",
      "region_exposure_confidence": {
        "Europe": 1.0
      },
      "region_exposure_entropy": -1.000088900581841e-12
    },
    "France/40003KA/2020": {
      "country_exposure": "France",
      "country_exposure_confidence": {
        "France": 0.9999999999999999
      },
      "country_exposure_entropy": -9.99866855976916e-13,
      "region_exposure": "Europe",
      "region_exposure_confidence": {
        "Europe": 1.0
      },
      "region_exposure_entropy": -1.000088900581841e-12
    },
    "France/50001AR/2020": {
      "country_exposure": "France",
      "country_exposure_confidence": {
        "France": 1.0
      },
      "country_exposure_entropy": -1.000088900581841e-12,
      "region_exposure": "Europe",
      "region_exposure_confidence": {
        "Europe": 1.0
      },
      "region_exposure_entropy": -1.000088900581841e-12
    },
    "Germany/BavPat1-ChVir929/2020": {
      "country_exposure": "Germany",
      "country_exposure_confidence": {
        "Germany": 1.0
      },
      "country_exposure_entropy": -1.000088900581841e-12,
      "region_exposure": "Europe",
      "region_exposure_confidence": {
        "Europe": 1.0
      },
      "region_exposure_entropy": -1.000088900581841e-12
    },
    "Germany/BavPat3-ChVir1020/2020": {
      "country_exposure": "Germany",
      "country_exposure_confidence": {
        "Germany": 1.0
      },
      "country_exposure_entropy": -1.000088900581841e-12,
      "region_exposure": "Europe",
      "region_exposure_confidence": {
        "Europe": 1.0
      },
      "region_exposure_entropy": -1.000088900581841e-12
    },
    "Greece/139_32716/2020": {
      "country_exposure": "Greece",
      "country_exposure_confidence": {
        "Greece": 1.0
      },
      "country_exposure_entropy": -1.000088900581841e-12,
      "region_exposure": "Europe",
      "region_exposure_confidence": {
        "Europe": 1.0
      },
      "region_exposure_entropy": -1.000088900581841e-12
    },
    "Greece/209_33926/2020": {
      "country_exposure": "Greece",
      "country_exposure_confidence": {
        "Greece": 0.9999999999999999
      },
      "country_exposure_entropy": -9.99866855976916e-13,
      "region_exposure": "Europe",
      "region_exposure_confidence": {
        "Europe": 1.0
      },
      "region_exposure_entropy": -1.000088900581841e-12
    },
    "Greece/222_33921/2020": {
      "country_exposure": "Greece",
      "country_exposure_confidence": {
        "Greece": 1.0
      },
      "country_exposure_entropy": -1.000088900581841e-12,
      "region_exposure": "Europe",
      "region_exposure_confidence": {
        "Europe": 1.0
      },
      "region_exposure_entropy": -1.000088900581841e-12
    },
    "Greece/226_35576/2020": {
      "country_exposure": "Greece",
      "country_exposure_confidence": {
        "Greece": 1.0
      },
      "country_exposure_entropy": -1.000088900581841e-12,
      "region_exposure": "Europe",
      "region_exposure_confidence": {
        "Europe": 1.0
      },
      "region_exposure_entropy": -1.000088900581841e-12
    },
    "Greece/227_35969/2020": {
      "country_exposure": "Greece",
      "country_exposure_confidence": {
        "Greece": 1.0
      },
      "country_exposure_entropy": -1.000088900581841e-12,
      "region_exposure": "Europe",
      "region_exposure_confidence": {
        "Europe": 1.0
      },
      "region_exposure_entropy": -1.000088900581841e-12
    },
    "Greece/246_32206/2020": {
      "country_exposure": "Greece",
      "country_exposure_confidence": {
        "Greece": 1.0
      },
      "country_exposure_entropy": -1.000088900581841e-12,
      "region_exposure": "Europe",
      "region_exposure_confidence": {
        "Europe": 1.0
      },
      "region_exposure_entropy": -1.000088900581841e-12
    },
    "Greece/248_32261/2020": {
      "country_exposure": "Greece",
      "country_exposure_confidence": {
        "Greece": 1.0
      },
      "country_exposure_entropy": -1.000088900581841e-12,
      "region_exposure": "Europe",
      "region_exposure_confidence": {
        "Europe": 1.0
      },
      "region_exposure_entropy": -1.000088900581841e-12
    },
    "Greece/259_31928/2020": {
      "country_exposure": "Greece",
      "country_exposure_confidence": {
        "Greece": 1.0
      },
      "country_exposure_entropy": -1.000088900581841e-12,
      "region_exposure": "Europe",
      "region_exposure_confidence": {
        "Europe": 0.9999999999999999
      },
      "region_exposure_entropy": -9.99866855976916e-13
    },
    "Greece/37_35684/2020": {
      "country_exposure": "Greece",
      "country_exposure_confidence": {
        "Greece": 1.0
      },
      "country_exposure_entropy": -1.000088900581841e-12,
      "region_exposure": "Europe",
      "region_exposure_confidence": {
        "Europe": 1.0
      },
      "region_exposure_entropy": -1.000088900581841e-12
    },
    "Greece/41_36861/2020": {
      "country_exposure": "Greece",
      "country_exposure_confidence": {
        "Greece": 1.0
      },
      "country_exposure_entropy": -1.000088900581841e-12,
      "region_exposure": "Europe",
      "region_exposure_confidence": {
        "Europe": 1.0
      },
      "region_exposure_entropy": -1.000088900581841e-12
    },
    "Guam/GU-NHG-01/2020": {
      "country_exposure": "Guam",
      "country_exposure_confidence": {
        "Guam": 1.0
      },
      "country_exposure_entropy": -1.000088900581841e-12,
      "region_exposure": "Oceania",
      "region_exposure_confidence": {
        "Oceania": 0.9999999999999999
      },
      "region_exposure_entropy": -9.99866855976916e-13
    },
    "Hangzhou/HZ-1/2020": {
      "country_exposure": "China",
      "country_exposure_confidence": {
        "China": 1.0
      },
      "country_exposure_entropy": -1.000088900581841e-12,
      "region_exposure": "Asia",
      "region_exposure_confidence": {
        "Asia": 1.0
      },
      "region_exposure_entropy": -1.000088900581841e-12
    },
    "India/GBRC14/2020": {
      "country_exposure": "India",
      "country_exposure_confidence": {
        "India": 1.0
      },
      "country_exposure_entropy": -1.000088900581841e-12,
      "region_exposure": "Asia",
      "region_exposure_confidence": {
        "Asia": 1.0
      },
      "region_exposure_entropy": -1.000088900581841e-12
    },
    "India/GBRC20/2020": {
      "country_exposure": "India",
      "country_exposure_confidence": {
        "India": 1.0
      },
      "country_exposure_entropy": -1.000088900581841e-12,
      "region_exposure": "Asia",
      "region_exposure_confidence": {
        "Asia": 1.0
      },
      "region_exposure_entropy": -1.000088900581841e-12
    },
    "India/GBRC21/2020": {
      "country_exposure": "India",
      "country_exposure_confidence": {
        "India": 1.0
      },
      "country_exposure_entropy": -1.000088900581841e-12,
      "region_exposure": "Asia",
      "region_exposure_confidence": {
        "Asia": 1.0
      },
      "region_exposure_entropy": -1.000088900581841e-12
    },
    "India/GBRC26/2020": {
      "country_exposure": "India",
      "country_exposure_confidence": {
        "India": 1.0
      },
      "country_exposure_entropy": -1.000088900581841e-12,
      "region_exposure": "Asia",
      "region_exposure_confidence": {
        "Asia": 1.0
      },
      "region_exposure_entropy": -1.000088900581841e-12
    },
    "India/GBRC29/2020": {
      "country_exposure": "India",
      "country_exposure_confidence": {
        "India": 0.9999999999999999
      },
      "country_exposure_entropy": -9.99866855976916e-13,
      "region_exposure": "Asia",
      "region_exposure_confidence": {
        "Asia": 1.0
      },
      "region_exposure_entropy": -1.000088900581841e-12
    },
    "India/GBRC51/2020": {
      "country_exposure": "India",
      "country_exposure_confidence": {
        "India": 1.0
      },
      "country_exposure_entropy": -1.000088900581841e-12,
      "region_exposure": "Asia",
      "region_exposure_confidence": {
        "Asia": 1.0
      },
      "region_exposure_entropy": -1.000088900581841e-12
    },
    "India/GBRC56a/2020": {
      "country_exposure": "India",
      "country_exposure_confidence": {
        "India": 1.0
      },
      "country_exposure_entropy": -1.000088900581841e-12,
      "region_exposure": "Asia",
      "region_exposure_confidence": {
        "Asia": 1.0
      },
      "region_exposure_entropy": -1.000088900581841e-12
    },
    "India/GBRC72b/2020": {
      "country_exposure": "India",
      "country_exposure_confidence": {
        "India": 1.0
      },
      "country_exposure_entropy": -1.000088900581841e-12,
      "region_exposure": "Asia",
      "region_exposure_confidence": {
        "Asia": 1.0
      },
      "region_exposure_entropy": -1.000088900581841e-12
    },
    "India/GBRC8/2020": {
      "country_exposure": "India",
      "country_exposure_confidence": {
        "India": 1.0
      },
      "country_exposure_entropy": -1.000088900581841e-12,
      "region_exposure": "Asia",
      "region_exposure_confidence": {
        "Asia": 1.0
      },
      "region_exposure_entropy": -1.000088900581841e-12
    },
    "India/GBRC85/2020": {
      "country_exposure": "India",
      "country_exposure_confidence": {
        "India": 1.0
      },
      "country_exposure_entropy": -1.000088900581841e-12,
      "region_exposure": "Asia",
      "region_exposure_confidence": {
        "Asia": 1.0
      },
      "region_exposure_entropy": -1.000088900581841e-12
    },
    "India/GBRC88a/2020": {
      "country_exposure": "India",
      "country_exposure_confidence": {
        "India": 0.9999999999999999
      },
      "country_exposure_entropy": -9.99866855976916e-13,
      "region_exposure": "Asia",
      "region_exposure_confidence": {
        "Asia": 1.0
      },
      "region_exposure_entropy": -1.000088900581841e-12
    },
    "India/GBRC9/2020": {
      "country_exposure": "India",
      "country_exposure_confidence": {
        "India": 1.0
      },
      "country_exposure_entropy": -1.000088900581841e-12,
      "region_exposure": "Asia",
      "region_exposure_confidence": {
        "Asia": 1.0
      },
      "region_exposure_entropy": -1.000088900581841e-12
    },
    "India/GBRC96/2020": {
      "country_exposure": "India",
      "country_exposure_confidence": {
        "India": 0.9999999999999999
      },
      "country_exposure_entropy": -9.99866855976916e-13,
      "region_exposure": "Asia",
      "region_exposure_confidence": {
        "Asia": 0.9999999999999999
      },
      "region_exposure_entropy": -9.99866855976916e-13
    },
    "India/GBRC97a/2020": {
      "country_exposure": "India",
      "country_exposure_confidence": {
        "India": 1.0
      },
      "country_exposure_entropy": -1.000088900581841e-12,
      "region_exposure": "Asia",
      "region_exposure_confidence": {
        "Asia": 0.9999999999999999
      },
      "region_exposure_entropy": -9.99866855976916e-13
    },
    "India/GBRC97b/2020": {
      "country_exposure": "India",
      "country_exposure_confidence": {
        "India": 1.0
      },
      "country_exposure_entropy": -1.000088900581841e-12,
      "region_exposure": "Asia",
      "region_exposure_confidence": {
        "Asia": 0.9999999999999999
      },
      "region_exposure_entropy": -9.99866855976916e-13
    },
    "India/GMC-KP1125/2020": {
      "country_exposure": "India",
      "country_exposure_confidence": {
        "India": 1.0
      },
      "country_exposure_entropy": -1.000088900581841e-12,
      "region_exposure": "Asia",
      "region_exposure_confidence": {
        "Asia": 0.9999999999999999
      },
      "region_exposure_entropy": -9.99866855976916e-13
    },
    "India/GMCKN318/2020": {
      "country_exposure": "India",
      "country_exposure_confidence": {
        "India": 1.0
      },
      "country_exposure_entropy": -1.000088900581841e-12,
      "region_exposure": "Asia",
      "region_exposure_confidence": {
        "Asia": 1.0
      },
      "region_exposure_entropy": -1.000088900581841e-12
    },
    "India/GMCTC469/2020": {
      "country_exposure": "India",
      "country_exposure_confidence": {
        "India": 1.0
      },
      "country_exposure_entropy": -1.000088900581841e-12,
      "region_exposure": "Asia",
      "region_exposure_confidence": {
        "Asia": 1.0
      },
      "region_exposure_entropy": -1.000088900581841e-12
    },
    "India/nimh-2873/2020": {
      "country_exposure": "India",
      "country_exposure_confidence": {
        "India": 1.0
      },
      "country_exposure_entropy": -1.000088900581841e-12,
      "region_exposure": "Asia",
      "region_exposure_confidence": {
        "Asia": 1.0
      },
      "region_exposure_entropy": -1.000088900581841e-12
    },
    "India/nimh-3952/2020": {
      "country_exposure": "India",
      "country_exposure_confidence": {
        "India": 1.0
      },
      "country_exposure_entropy": -1.000088900581841e-12,
      "region_exposure": "Asia",
      "region_exposure_confidence": {
        "Asia": 1.0
      },
      "region_exposure_entropy": -1.000088900581841e-12
    },
    "Iran/HGRC-1.1-IPI-8206/2020": {
      "country_exposure": "Iran",
      "country_exposure_confidence": {
        "Iran": 0.9999999999999999
      },
      "country_exposure_entropy": -9.99866855976916e-13,
      "region_exposure": "Asia",
      "region_exposure_confidence": {
        "Asia": 0.9999999999999999
      },
      "region_exposure_entropy": -9.99866855976916e-13
    },
    "Jamaica/JM-CDC-7286/2020": {
      "country_exposure": "Jamaica",
      "country_exposure_confidence": {
        "Jamaica": 1.0
      },
      "country_exposure_entropy": -1.000088900581841e-12,
      "region_exposure": "North America",
      "region_exposure_confidence": {
        "North America": 0.9999999999999999
      },
      "region_exposure_entropy": -9.99866855976916e-13
    },
    "Japan/P4-6/2020": {
      "country_exposure": "Japan",
      "country_exposure_confidence": {
        "Japan": 1.0
      },
      "country_exposure_entropy": -1.000088900581841e-12,
      "region_exposure": "Asia",
      "region_exposure_confidence": {
        "Asia": 1.0
      },
      "region_exposure_entropy": -1.000088900581841e-12
    },
    "Malaysia/189332/2020": {
      "country_exposure": "Malaysia",
      "country_exposure_confidence": {
        "Malaysia": 1.0
      },
      "country_exposure_entropy": -1.000088900581841e-12,
      "region_exposure": "Asia",
      "region_exposure_confidence": {
        "Asia": 1.0
      },
      "region_exposure_entropy": -1.000088900581841e-12
    },
